Matrix: 1
s=4
1.2726762891024195 0.6359296695206177 0.4766933555460726 0.3970162976602511 0.13458251953125 0.11103057861328122 0.09450817108154293 0.08227273821830747 0.07284565363079308 0.06535873922985047 
Time logger:
matrix_creation: 343 ms
algorithm_solve: 97172 ms


Matrix: 2
s=11
0.7877528599837572 0.1969380726662515 0.014770425683652109 0.000527607197664222 1.1073521205357142e-05 1.4267958603896104e-07 1.3719190965284715e-09 9.799422118060513e-12 5.4040930798127786e-14 2.370216263075781e-16 
Time logger:
matrix_creation: 16 ms
algorithm_solve: 16 ms


Matrix: 3
s=1
0.9800560024728096 0.375 0.3125 0.2734375 0.24609375 0.22558593749999997 0.20947265624999997 0.196380615234375 0.18547058105468753 0.17619705200195312 
Time logger:
matrix_creation: 468 ms
algorithm_solve: 92688 ms


Matrix: 4
s=11
0.5409598395314696 0.40572039448000236 0.050715302310732006 0.00253604070861389 6.766854593901268e-05 1.5040806361607147e-06 5.94498275162338e-09 4.8997110590302514e-11 3.0623194118939124e-13 1.5011369666146653e-15 
Time logger:
matrix_creation: 31 ms
algorithm_solve: 31 ms
